[-0.2540519831852767,0.0032616300292380497,-5,1,-0.29895362152802196,-0.6979317671227099,-19.386905820193768],
14406.0,
[-0.21087094797741135,0.037053890136528246,-5,1,-0.3787884935540422,-1.4918145207991889,-9.646575636977444],
10514.333333333334,
[-0.2445679150134114,0.038772683132743097,-3,1,-0.26704107525976695,-0.514778101862126,-7.3051837298202384],
13292.333333333334,
[-0.2999242002515443,0.10927680138968608,-7,1,-0.3644870429199652,-1.206633263119059,-15.893845585476505],
12189.666666666666,
[-0.29677840122318366,0.05951726756681475,-7,1,-0.7942973022580171,-0.7623786188936563,-7.3755108559764775],
10077.0,
[-0.2903636021542543,0.021948171727952805,-4,1,-0.7838581221286169,-1.3118443249873837,-10.43868641777433],
16426.666666666668,
[-0.2903636021542543,0.021948171727952805,-4,1,-0.7838581221286169,-1.3118443249873837,-10.43868641777433],
16172.0,
[-0.29809045019969305,0.07181505169185667,-10,1,-0.6589139979607348,-1.105427261076617,-11.279032068459658],
13230.666666666666,
[-0.2540519831852767,0.0032616300292380497,-5,1,-0.29895362152802196,-0.6979317671227099,-19.386905820193768],
10751.0,
[-0.2870342618149444,0.014233903380668256,-8,1,-0.29639797430841824,-0.8153049310291225,-9.974737656227791],
12822.666666666666,
[-0.20177036807157755,0.020393375131682292,-6,1,-0.6784518716994379,-1.3815200699376247,-12.964595762790704],
13511.333333333334,
[-0.2215790206385923,0.011319739723003331,-5,1,-0.28656423468221764,-0.672002651615766,-13.681192832787016],
14967.0,
[-0.2540519831852767,0.0032616300292380497,-5,1,-0.29895362152802196,-0.6979317671227099,-19.386905820193768],
12875.666666666666,
[-0.2479107982237115,0.03048244967208911,-6,1,-0.5395733730362726,-0.6860648009688978,-9.521291345868665],
12303.666666666666,
[-0.2903636021542543,0.021948171727952805,-4,1,-0.7838581221286169,-1.3118443249873837,-10.43868641777433],
16852.333333333332,
[-0.2445679150134114,0.038772683132743097,-3,1,-0.26704107525976695,-0.514778101862126,-7.3051837298202384],
11684.666666666666,
[-0.2999242002515443,0.10927680138968608,-7,1,-0.3644870429199652,-1.206633263119059,-15.893845585476505],
10517.333333333334,
[-0.29677840122318366,0.05951726756681475,-7,1,-0.7942973022580171,-0.7623786188936563,-7.3755108559764775],
13592.666666666666,
[-0.29677840122318366,0.05951726756681475,-7,1,-0.7942973022580171,-0.7623786188936563,-7.3755108559764775],
10797.666666666666,
[-0.2903636021542543,0.021948171727952805,-4,1,-0.7838581221286169,-1.3118443249873837,-10.43868641777433],
11634.333333333334,
[-0.29809045019969305,0.07181505169185667,-10,1,-0.6589139979607348,-1.105427261076617,-11.279032068459658],
11642.0,
[-0.2540519831852767,0.0032616300292380497,-5,1,-0.29895362152802196,-0.6979317671227099,-19.386905820193768],
11263.666666666666,
[-0.2870342618149444,0.014233903380668256,-8,1,-0.29639797430841824,-0.8153049310291225,-9.974737656227791],
10324.0,
[-0.2899111719455969,0.036096635999779546,-9,1,-0.6900010057227011,-0.6018159013295946,-10.195652596439542],
10817.0,
[-0.20177036807157755,0.020393375131682292,-6,1,-0.6784518716994379,-1.3815200699376247,-12.964595762790704],
10434.333333333334,
[-0.29677840122318366,0.05951726756681475,-7,1,-0.7942973022580171,-0.7623786188936563,-7.3755108559764775],
12860.0,
[-0.2903636021542543,0.021948171727952805,-4,1,-0.7838581221286169,-1.3118443249873837,-10.43868641777433],
12065.666666666666,
[-0.29677840122318366,0.05951726756681475,-7,1,-0.7942973022580171,-0.7623786188936563,-7.3755108559764775],
16154.333333333334,
[-0.29677840122318366,0.05951726756681475,-7,1,-0.7942973022580171,-0.7623786188936563,-7.3755108559764775],
13925.666666666666,
[-0.2479107982237115,0.03048244967208911,-6,1,-0.5395733730362726,-0.6860648009688978,-9.521291345868665],
10983.333333333334,
[-0.29809045019969305,0.07181505169185667,-10,1,-0.6589139979607348,-1.105427261076617,-11.279032068459658],
15420.0,
[-0.2540519831852767,0.0032616300292380497,-5,1,-0.29895362152802196,-0.6979317671227099,-19.386905820193768],
15477.0,
[-0.2870342618149444,0.014233903380668256,-8,1,-0.29639797430841824,-0.8153049310291225,-9.974737656227791],
11762.0,
[-0.2899111719455969,0.036096635999779546,-9,1,-0.6900010057227011,-0.6018159013295946,-10.195652596439542],
13207.0,
[-0.29677840122318366,0.05951726756681475,-7,1,-0.7942973022580171,-0.7623786188936563,-7.3755108559764775],
11637.666666666666,
[-0.2215790206385923,0.011319739723003331,-5,1,-0.28656423468221764,-0.672002651615766,-13.681192832787016],
10390.666666666666,
[-0.2479107982237115,0.03048244967208911,-6,1,-0.5395733730362726,-0.6860648009688978,-9.521291345868665],
11340.666666666666,
[-0.2903636021542543,0.021948171727952805,-4,1,-0.7838581221286169,-1.3118443249873837,-10.43868641777433],
10289.0,
[-0.21087094797741135,0.037053890136528246,-5,1,-0.3787884935540422,-1.4918145207991889,-9.646575636977444],
11534.666666666666,
[-0.2445679150134114,0.038772683132743097,-3,1,-0.26704107525976695,-0.514778101862126,-7.3051837298202384],
14652.333333333334,
[-0.29677840122318366,0.05951726756681475,-7,1,-0.7942973022580171,-0.7623786188936563,-7.3755108559764775],
11506.0,
[-0.2479107982237115,0.03048244967208911,-6,1,-0.5395733730362726,-0.6860648009688978,-9.521291345868665],
16152.666666666666,
[-0.29809045019969305,0.07181505169185667,-10,1,-0.6589139979607348,-1.105427261076617,-11.279032068459658],
11243.0,
[-0.2899111719455969,0.036096635999779546,-9,1,-0.6900010057227011,-0.6018159013295946,-10.195652596439542],
12233.666666666666,
[-0.2215790206385923,0.011319739723003331,-5,1,-0.28656423468221764,-0.672002651615766,-13.681192832787016],
14920.0,
[-0.2903636021542543,0.021948171727952805,-4,1,-0.7838581221286169,-1.3118443249873837,-10.43868641777433],
14661.666666666666,
[-0.2903636021542543,0.021948171727952805,-4,1,-0.7838581221286169,-1.3118443249873837,-10.43868641777433],
12024.666666666666,
[-0.21087094797741135,0.037053890136528246,-5,1,-0.3787884935540422,-1.4918145207991889,-9.646575636977444],
17626.0,
[-0.2445679150134114,0.038772683132743097,-3,1,-0.26704107525976695,-0.514778101862126,-7.3051837298202384],
11872.0,
[-0.29677840122318366,0.05951726756681475,-7,1,-0.7942973022580171,-0.7623786188936563,-7.3755108559764775],
11904.333333333334,
[-0.29677840122318366,0.05951726756681475,-7,1,-0.7942973022580171,-0.7623786188936563,-7.3755108559764775],
10888.0,
[-0.2903636021542543,0.021948171727952805,-4,1,-0.7838581221286169,-1.3118443249873837,-10.43868641777433],
10868.666666666666,
[-0.2903636021542543,0.021948171727952805,-4,1,-0.7838581221286169,-1.3118443249873837,-10.43868641777433],
11969.666666666666,
[-0.2899111719455969,0.036096635999779546,-9,1,-0.6900010057227011,-0.6018159013295946,-10.195652596439542],
13737.0,
[-0.20177036807157755,0.020393375131682292,-6,1,-0.6784518716994379,-1.3815200699376247,-12.964595762790704],
12593.0,
[-0.2215790206385923,0.011319739723003331,-5,1,-0.28656423468221764,-0.672002651615766,-13.681192832787016],
10511.666666666666,
[-0.2540519831852767,0.0032616300292380497,-5,1,-0.29895362152802196,-0.6979317671227099,-19.386905820193768],
11601.333333333334,
[-0.29677840122318366,0.05951726756681475,-7,1,-0.7942973022580171,-0.7623786188936563,-7.3755108559764775],
11013.0,
[-0.2903636021542543,0.021948171727952805,-4,1,-0.7838581221286169,-1.3118443249873837,-10.43868641777433],
10070.0,
[-0.2445679150134114,0.038772683132743097,-3,1,-0.26704107525976695,-0.514778101862126,-7.3051837298202384],
12449.666666666666,
[-0.29677840122318366,0.05951726756681475,-7,1,-0.7942973022580171,-0.7623786188936563,-7.3755108559764775],
10143.0,
[-0.2479107982237115,0.03048244967208911,-6,1,-0.5395733730362726,-0.6860648009688978,-9.521291345868665],
12629.0,
[-0.2899111719455969,0.036096635999779546,-9,1,-0.6900010057227011,-0.6018159013295946,-10.195652596439542],
13100.333333333334,
[-0.20177036807157755,0.020393375131682292,-6,1,-0.6784518716994379,-1.3815200699376247,-12.964595762790704],
12703.333333333334,
[-0.29677840122318366,0.05951726756681475,-7,1,-0.7942973022580171,-0.7623786188936563,-7.3755108559764775],
11237.333333333334,
[-0.2215790206385923,0.011319739723003331,-5,1,-0.28656423468221764,-0.672002651615766,-13.681192832787016],
14510.333333333334,
[-0.2903636021542543,0.021948171727952805,-4,1,-0.7838581221286169,-1.3118443249873837,-10.43868641777433],
12110.333333333334,
[-0.2999242002515443,0.10927680138968608,-7,1,-0.3644870429199652,-1.206633263119059,-15.893845585476505],
11628.0,
[-0.29677840122318366,0.05951726756681475,-7,1,-0.7942973022580171,-0.7623786188936563,-7.3755108559764775],
12118.666666666666,
[-0.2903636021542543,0.021948171727952805,-4,1,-0.7838581221286169,-1.3118443249873837,-10.43868641777433],
13352.333333333334,
[-0.2540519831852767,0.0032616300292380497,-5,1,-0.29895362152802196,-0.6979317671227099,-19.386905820193768],
14671.333333333334,
